data/data7.29outside/image/1564391195119.jpg 451,552,511,580,2 818,434,865,447,2 372,627,594,720,0 914,413,956,446,1 878,429,958,511,0
data/data7.29outside/image/1564391196135.jpg 452,567,515,598,2 829,440,878,453,2 372,659,597,720,0 931,419,960,457,1 891,436,960,521,0
data/data7.29outside/image/1564391197126.jpg 454,585,521,620,2 840,447,891,462,2
data/data7.29outside/image/1564391198117.jpg 450,584,517,619,2 838,446,889,461,2
data/data7.29outside/image/1564391199123.jpg 446,584,512,619,2 837,445,888,461,2
data/data7.29outside/image/1564391200127.jpg 452,624,521,662,2 846,467,897,483,2
data/data7.29outside/image/1564391201138.jpg 450,647,518,686,2 842,483,892,500,2
data/data7.29outside/image/1564391202141.jpg 444,664,511,704,2 837,495,888,513,2
data/data7.29outside/image/1564391204144.jpg 434,688,497,720,2 826,512,876,532,2 927,517,960,557,1 889,531,960,624,0
data/data7.29outside/image/1564391205132.jpg 821,521,872,541,2 429,700,491,720,2 923,532,960,569,1 881,541,960,635,0
data/data7.29outside/image/1564391206132.jpg 819,520,870,539,2 424,698,487,720,2 921,526,960,565,1 879,537,960,637,0
data/data7.29outside/image/1564391227153.jpg 416,402,474,439,2 807,247,856,266,2 320,555,522,720,0 901,270,944,308,1 856,275,960,373,0
data/data7.29outside/image/1564391236142.jpg 402,335,464,370,2 816,197,865,215,2 279,465,513,669,0 919,203,959,241,1 868,211,960,311,0
data/data7.29outside/image/1564391237626.jpg 257,409,509,625,0 397,297,462,332,2 820,170,870,188,2 924,166,960,206,1 873,177,960,274,0
data/data7.29outside/image/1564391240652.jpg 393,255,462,288,2 827,141,878,158,2 235,344,514,577,0 935,128,960,163,1 883,138,960,238,0
data/data7.29outside/image/1564391246637.jpg 261,447,500,655,0 395,322,458,357,2 814,187,864,205,2 915,190,959,227,1 868,198,960,294,0
data/data7.29outside/image/1564391254132.jpg 280,546,491,720,0 394,393,454,430,2 801,237,849,256,2 894,259,937,297,1 847,263,960,360,0
data/data7.29outside/image/1564391256685.jpg 366,382,426,420,2 768,221,818,238,2 255,530,469,718,0 820,244,941,336,0 865,235,908,275,1
data/data7.29outside/image/1564391259140.jpg 329,380,389,418,2 751,220,799,236,2 188,527,410,716,0 793,241,928,336,0
data/data7.29outside/image/1564391264638.jpg 713,239,851,337,0 42,519,271,699,0 229,376,295,414,2 685,218,735,236,2
data/data7.29outside/image/1564391267687.jpg 186,373,253,410,2 655,216,703,232,2 676,235,814,333,0 1,511,213,688,0
data/data7.29outside/image/1564391269672.jpg 89,458,316,645,0 808,263,948,372,0 795,241,843,263,2 310,350,377,385,2
data/data7.29outside/image/1564391273165.jpg 276,340,344,374,2 773,239,820,261,2 46,437,264,618,0 776,261,916,371,0
data/data7.29outside/image/1564391286676.jpg 280,330,348,363,2 776,232,823,253,2 778,251,918,360,0 47,422,268,603,0
data/data7.29outside/image/1564391287184.jpg 784,233,924,343,0 38,400,262,583,0 276,313,346,346,2 778,218,823,235,2
data/data7.29outside/image/1564391288691.jpg 21,361,256,552,0 790,202,933,316,0 272,285,343,316,2
data/data7.29outside/image/1564391289217.jpg 278,310,347,343,2 779,217,824,235,2 39,396,266,582,0 785,231,926,343,0
data/data7.29outside/image/1564391203126.jpg 438,669,504,708,2 832,498,883,517,2 894,511,960,603,0 938,496,960,540,1
data/data7.29outside/image/1564391250665.jpg 804,228,853,246,2 397,379,457,416,2 282,528,496,716,0 900,244,944,282,1 853,250,960,346,0
data/data7.29outside/image/1564391282685.jpg 69,438,286,616,0 784,263,920,372,0 780,242,826,264,2 293,341,360,375,2 101,94,160,138,1
data/data7.29outside/image/1564391290171.jpg 68,440,281,619,0 778,266,914,375,0 775,244,821,266,2 289,344,355,378,2 1,91,47,129,1
data/data7.29outside/image/1564391320768.jpg 444,453,530,516,2
data/data7.29outside/image/1564391360741.jpg 478,272,574,341,2 588,489,893,720,0 776,5,832,27,2
data/data7.29outside/image/1564391383283.jpg 507,344,626,438,2
data/data7.29outside/image/1564391399278.jpg 507,480,634,584,2
data/data7.29outside/image/1564391418306.jpg 427,96,535,189,2 323,590,655,720,0
data/data7.29outside/image/1564391449363.jpg 382,365,502,483,2
data/data7.29outside/image/1564391467362.jpg 360,327,466,429,2
data/data7.29outside/image/1564391613139.jpg 346,266,496,406,0 405,181,454,209,2
data/data7.29outside/image/1564391743184.jpg 414,361,535,446,2
data/data7.29outside/image/1564391756222.jpg 346,475,534,656,2
data/data7.29outside/image/1564391764182.jpg 375,303,495,418,2
data/data7.29outside/image/1564391773355.jpg 188,325,381,511,2
data/data7.29outside/image/1564391784362.jpg 303,412,474,579,2
data/data7.29outside/image/1564391794902.jpg 229,177,427,366,2
data/data7.29outside/image/1564391802364.jpg 204,139,401,326,2
data/data7.29outside/image/1564391812914.jpg 294,356,482,532,2
data/data7.29outside/image/1564391830409.jpg 415,195,558,335,2
data/data7.29outside/image/1564391843421.jpg 380,217,505,342,2
data/data7.29outside/image/1564391294182.jpg 630,183,675,198,2 137,323,206,356,2 1,432,135,609,0 641,192,778,289,0
data/data7.29outside/image/1564391303707.jpg 560,487,780,685,0 828,213,938,296,0 754,200,800,217,2 497,375,566,417,2
data/data7.29outside/image/1564391304720.jpg 498,356,571,397,2 756,186,804,203,2 834,197,945,280,0 564,462,796,669,0
data/data7.29outside/image/1564391308709.jpg 590,403,842,619,0 852,162,960,242,0 771,157,818,172,2 512,312,588,351,2
data/data7.29outside/image/1564391310199.jpg 643,335,718,372,2 686,458,946,667,0
data/data7.29outside/image/1564391312222.jpg 536,482,787,691,0 553,342,623,378,2
data/data7.29outside/image/1564391317731.jpg 437,492,524,555,2
data/data7.29outside/image/1564391323687.jpg 435,325,520,387,2
data/data7.29outside/image/1564391329776.jpg 431,310,519,373,2
data/data7.29outside/image/1564391333285.jpg 424,338,506,399,2
data/data7.29outside/image/1564391337224.jpg 522,362,610,434,2
data/data7.29outside/image/1564391344231.jpg 550,284,644,360,2 264,539,600,720,0
data/data7.29outside/image/1564391351740.jpg 201,608,468,720,0 351,300,429,358,2 862,77,920,107,2
data/data7.29outside/image/1564391354766.jpg 508,301,591,361,2 470,608,741,720,0
data/data7.29outside/image/1564391363252.jpg 402,271,501,345,2 552,454,856,718,0 774,1,904,99,0
data/data7.29outside/image/1564391365270.jpg 379,260,481,334,2 548,428,858,719,0 737,1,870,78,0
data/data7.29outside/image/1564391367238.jpg 553,383,893,709,0 371,222,479,298,2
data/data7.29outside/image/1564391369750.jpg 357,172,473,250,2 556,322,943,698,0
data/data7.29outside/image/1564391372268.jpg 358,242,462,317,2 529,405,852,717,0
data/data7.29outside/image/1564391374282.jpg 522,453,812,720,0 723,1,850,95,0 366,284,463,358,2
data/data7.29outside/image/1564391376298.jpg 354,204,465,282,2 541,362,898,708,0
data/data7.29outside/image/1564391380271.jpg 455,245,565,324,2 547,531,934,720,0
data/data7.29outside/image/1564391385264.jpg 504,375,628,475,2
data/data7.29outside/image/1564391387265.jpg 501,366,622,463,2
data/data7.29outside/image/1564391389275.jpg 504,261,622,356,2
data/data7.29outside/image/1564391391271.jpg 508,116,632,217,2 541,590,883,720,0
data/data7.29outside/image/1564391393292.jpg 509,178,632,279,2
data/data7.29outside/image/1564391395276.jpg 509,268,631,367,2
data/data7.29outside/image/1564391397294.jpg 508,385,630,484,2
data/data7.29outside/image/1564391401278.jpg 512,494,638,598,2
data/data7.29outside/image/1564391403271.jpg 508,541,637,647,2
data/data7.29outside/image/1564391405313.jpg 514,474,640,578,2
data/data7.29outside/image/1564391407300.jpg 515,354,638,453,2
data/data7.29outside/image/1564391409281.jpg 522,272,645,373,2
data/data7.29outside/image/1564391411280.jpg 513,158,636,259,2
data/data7.29outside/image/1564391413298.jpg 502,104,626,207,2
data/data7.29outside/image/1564391416316.jpg 398,99,516,203,2 375,577,723,720,0
data/data7.29outside/image/1564391421313.jpg 422,169,527,259,2
data/data7.29outside/image/1564391424859.jpg 425,313,530,401,2
data/data7.29outside/image/1564391428805.jpg 414,449,518,536,2
data/data7.29outside/image/1564391431314.jpg 422,515,528,608,2
data/data7.29outside/image/1564391433801.jpg 423,513,530,604,2
data/data7.29outside/image/1564391436339.jpg 425,364,528,449,2
data/data7.29outside/image/1564391438819.jpg 426,258,531,344,2
data/data7.29outside/image/1564391451378.jpg 348,467,474,591,2
data/data7.29outside/image/1564391453370.jpg 326,380,450,500,2
data/data7.29outside/image/1564391455332.jpg 318,297,442,417,2
data/data7.29outside/image/1564391457327.jpg 320,265,443,385,2
data/data7.29outside/image/1564391459329.jpg 365,232,489,354,2
data/data7.29outside/image/1564391461320.jpg 353,313,478,432,2
data/data7.29outside/image/1564391463319.jpg 351,316,476,437,2
data/data7.29outside/image/1564391465351.jpg 366,324,474,428,2
data/data7.29outside/image/1564391469340.jpg 339,329,454,440,2
data/data7.29outside/image/1564391471340.jpg 310,320,447,450,2
data/data7.29outside/image/1564391473347.jpg 282,308,433,452,2
data/data7.29outside/image/1564391524373.jpg 296,261,468,431,2
data/data7.29outside/image/1564391605630.jpg 425,170,468,194,2 380,237,509,360,0
data/data7.29outside/image/1564391607679.jpg 368,177,510,308,0 419,122,465,145,2
data/data7.29outside/image/1564391609132.jpg 414,156,464,185,2 357,233,515,378,0
data/data7.29outside/image/1564391846464.jpg 357,278,515,434,2
data/data7.29outside/image/1564391847393.jpg 353,318,510,475,2
data/data7.29outside/image/1564391848437.jpg 344,338,501,496,2
data/data7.29outside/image/1564391891443.jpg 369,316,605,550,2
data/data7.29outside/image/1564391893959.jpg 375,300,642,563,2
data/data7.29outside/image/1564391896439.jpg 426,319,579,472,2
data/data7.29outside/image/ScreenShot_1564392395882.jpg 173,320,320,471,2
data/data7.29outside/image/1564391834431.jpg 378,393,524,536,2
data/data7.29outside/image/1564391835396.jpg 371,528,522,679,2
data/data7.29outside/image/1564391836413.jpg 368,508,521,657,2
data/data7.29outside/image/1564391837393.jpg 369,412,516,552,2
data/data7.29outside/image/1564391838887.jpg 367,290,510,429,2
data/data7.29outside/image/1564391840949.jpg 367,199,512,340,2
data/data7.29outside/image/1564391841897.jpg 366,195,512,339,2
data/data7.29outside/image/1564391813914.jpg 265,499,475,711,2
data/data7.29outside/image/1564391815887.jpg 275,465,464,655,2
data/data7.29outside/image/1564391816417.jpg 276,401,463,586,2
data/data7.29outside/image/1564391818887.jpg 340,354,466,480,2
data/data7.29outside/image/1564391819883.jpg 331,236,458,361,2
data/data7.29outside/image/1564391820909.jpg 366,217,483,331,2
data/data7.29outside/image/1564391821894.jpg 429,219,525,313,2
data/data7.29outside/image/1564391828901.jpg 425,256,530,360,2
data/data7.29outside/image/1564391803355.jpg 265,114,463,299,2
data/data7.29outside/image/1564391804411.jpg 318,100,512,279,2
data/data7.29outside/image/1564391805381.jpg 319,119,511,297,2
data/data7.29outside/image/1564391806378.jpg 318,182,506,357,2
data/data7.29outside/image/1564391807399.jpg 309,234,496,402,2
data/data7.29outside/image/1564391808399.jpg 314,303,498,470,2
data/data7.29outside/image/1564391809426.jpg 303,488,491,661,2
data/data7.29outside/image/1564391810373.jpg 297,396,481,562,2
data/data7.29outside/image/1564391795895.jpg 228,264,426,448,2
data/data7.29outside/image/1564391796887.jpg 219,335,419,522,2
data/data7.29outside/image/1564391797877.jpg 213,408,412,599,2
data/data7.29outside/image/1564391798419.jpg 207,431,407,621,2
data/data7.29outside/image/1564391799894.jpg 204,318,399,502,2
data/data7.29outside/image/1564391800894.jpg 207,264,404,446,2
data/data7.29outside/image/1564391801369.jpg 207,218,402,402,2
data/data7.29outside/image/1564391785377.jpg 314,440,465,589,2
data/data7.29outside/image/1564391786850.jpg 312,452,452,591,2
data/data7.29outside/image/1564391787376.jpg 311,458,448,592,2
data/data7.29outside/image/1564391789867.jpg 277,414,438,571,2
data/data7.29outside/image/1564391790885.jpg 236,356,433,543,2
data/data7.29outside/image/1564391791375.jpg 231,350,432,540,2
data/data7.29outside/image/1564391792371.jpg 236,228,435,412,2
data/data7.29outside/image/1564391793367.jpg 231,192,431,379,2
data/data7.29outside/image/1564391774879.jpg 177,356,371,543,2
data/data7.29outside/image/1564391775395.jpg 171,373,368,560,2
data/data7.29outside/image/1564391776399.jpg 180,388,364,570,2
data/data7.29outside/image/1564391777381.jpg 162,375,357,567,2
data/data7.29outside/image/1564391778364.jpg 128,336,345,547,2
data/data7.29outside/image/1564391782349.jpg 239,328,466,540,2
data/data7.29outside/image/1564391783406.jpg 280,372,476,563,2
data/data7.29outside/image/1564391765847.jpg 375,304,486,413,2
data/data7.29outside/image/1564391766875.jpg 279,351,410,481,2
data/data7.29outside/image/1564391767348.jpg 272,362,401,492,2
data/data7.29outside/image/1564391768862.jpg 275,361,404,491,2
data/data7.29outside/image/1564391769372.jpg 282,310,411,436,2 600,548,896,720,0
data/data7.29outside/image/1564391770331.jpg 618,517,950,720,0 266,260,408,398,2
data/data7.29outside/image/1564391771360.jpg 200,190,385,371,2
data/data7.29outside/image/1564391772352.jpg 200,237,390,421,2
data/data7.29outside/image/1564391757199.jpg 350,474,529,650,2
data/data7.29outside/image/1564391758170.jpg 369,511,520,660,2
data/data7.29outside/image/1564391759187.jpg 384,571,512,697,2
data/data7.29outside/image/1564391760174.jpg 372,540,501,666,2
data/data7.29outside/image/1564391761173.jpg 368,461,492,582,2
data/data7.29outside/image/1564391762195.jpg 369,388,491,506,2
data/data7.29outside/image/1564391763192.jpg 367,333,487,449,2
data/data7.29outside/image/1564391745198.jpg 408,254,530,339,2 0,534,380,718,0
data/data7.29outside/image/1564391746198.jpg 411,200,532,287,2 0,490,383,720,0
data/data7.29outside/image/1564391747153.jpg 411,155,534,242,2 1,447,385,720,0
data/data7.29outside/image/1564391748167.jpg 409,102,534,192,2 1,400,386,720,0
data/data7.29outside/image/1564391750192.jpg 408,145,542,248,2 1,510,385,720,0
data/data7.29outside/image/1564391752186.jpg 394,412,551,552,2
data/data7.29outside/image/1564391753181.jpg 391,357,547,497,2
data/data7.29outside/image/1564391755197.jpg 370,443,540,606,2
data/data7.29outside/image/1564391615145.jpg 400,176,448,204,2 340,257,489,394,0
data/data7.29outside/image/1564391617131.jpg 321,212,483,359,0 392,139,443,166,2
data/data7.29outside/image/1564391735142.jpg 410,339,513,405,2 1,508,372,720,0
data/data7.29outside/image/1564391736150.jpg 410,394,516,460,2 1,564,367,720,0
data/data7.29outside/image/1564391737173.jpg 413,518,520,586,2
data/data7.29outside/image/1564391739181.jpg 412,510,520,578,2
data/data7.29outside/image/1564391740202.jpg 404,577,527,666,2
data/data7.29outside/image/1564391742160.jpg 411,454,534,542,2
