data/data7.23/image/bitmap_1563841081556.jpg 381,525,468,608,1 315,591,502,720,0
data/data7.23/image/bitmap_1563840806675.jpg 318,104,353,131,0 883,167,930,197,1 606,94,640,116,0
data/data7.23/image/bitmap_1563842992461.jpg 559,378,690,496,0 837,232,923,280,1 559,323,609,347,2
data/data7.23/image/bitmap_1563842992656.jpg 558,377,697,495,0 878,243,954,292,1 560,322,609,345,2
data/data7.23/image/bitmap_1563842993087.jpg 561,374,700,491,0 562,320,611,345,2
data/data7.23/image/bitmap_1563842993451.jpg 564,371,700,488,0 564,317,612,342,2
data/data7.23/image/bitmap_1563842993645.jpg 560,371,695,485,0 915,223,959,251,1 561,317,612,341,2
data/data7.23/image/bitmap_1563842993856.jpg 561,370,697,484,0 909,213,959,245,1 562,317,612,342,2
data/data7.23/image/bitmap_1563842994065.jpg 562,371,701,485,0 913,210,960,239,1 562,316,612,340,2
data/data7.23/image/bitmap_1563842994260.jpg 561,370,695,484,0 921,210,959,239,1 564,315,613,339,2
data/data7.23/image/bitmap_1563842994849.jpg 539,368,669,484,0 918,228,960,266,1 546,315,595,339,2
data/data7.23/image/bitmap_1563842995058.jpg 536,365,671,480,0 909,233,959,270,1 544,312,592,337,2
data/data7.23/image/bitmap_1563842995456.jpg 525,363,659,479,0 873,228,953,277,1 534,313,584,336,2
data/data7.23/image/bitmap_1563842995855.jpg 519,361,649,478,0 870,231,950,279,1 529,311,577,334,2
data/data7.23/image/bitmap_1563842996257.jpg 491,358,618,473,0 510,308,557,332,2
data/data7.23/image/bitmap_1563842998270.jpg 482,468,636,613,0 507,378,561,409,2
data/data7.23/image/bitmap_1563843017872.jpg 525,594,910,719,0 550,176,694,284,2
data/data7.23/image/bitmap_1563843018084.jpg 496,591,887,720,0 534,175,675,285,2
data/data7.23/image/bitmap_1563843026293.jpg 269,600,862,720,0 413,53,596,191,2
data/data7.23/image/bitmap_1563840824716.jpg 406,138,450,172,0 767,139,816,173,0 882,214,941,262,1
data/data7.23/image/bitmap_1563840825550.jpg 845,207,902,249,1 767,140,814,172,0 411,138,448,172,0
data/data7.23/image/bitmap_1563840825925.jpg 414,138,447,172,0 766,140,814,174,0 845,205,903,246,1
data/data7.23/image/bitmap_1563840826729.jpg 769,188,822,223,1 766,141,814,173,0 428,139,448,173,0
data/data7.23/image/bitmap_1563840827114.jpg 430,138,448,171,0 767,141,814,173,0 693,178,744,213,1
data/data7.23/image/bitmap_1563840827507.jpg 622,173,670,208,1 418,138,447,171,0 766,141,813,173,0
data/data7.23/image/bitmap_1563840827968.jpg 406,137,448,170,0 561,162,610,199,1 765,140,812,172,0
data/data7.23/image/bitmap_1563840828510.jpg 406,137,448,171,0 484,146,525,186,1 763,138,810,171,0
data/data7.23/image/bitmap_1563840830317.jpg 482,136,528,169,0 546,103,578,130,1 828,142,873,174,0
data/data7.23/image/bitmap_1563840836699.jpg 474,127,518,160,0 812,135,859,166,0
data/data7.23/image/bitmap_1563840839726.jpg 477,73,521,104,0 819,83,864,114,0
data/data7.23/image/bitmap_1563840840339.jpg 478,162,520,193,0 438,96,460,115,1 815,167,858,197,0
data/data7.23/image/bitmap_1563840840740.jpg 445,98,463,115,1 481,163,524,194,0 814,168,857,198,0
data/data7.23/image/bitmap_1563840840909.jpg 446,96,465,114,1 481,163,523,194,0 815,166,858,197,0
data/data7.23/image/bitmap_1563840851327.jpg 411,177,469,227,0 873,180,935,225,0 245,89,274,106,1
data/data7.23/image/bitmap_1563840852964.jpg 426,181,488,230,0 902,185,960,231,0 309,79,341,102,1
data/data7.23/image/bitmap_1563840853328.jpg 430,177,490,227,0 336,74,364,96,1 902,183,959,230,0
data/data7.23/image/bitmap_1563840854144.jpg 439,177,499,227,0 401,77,428,102,1 902,184,959,229,0
data/data7.23/image/bitmap_1563840854591.jpg 443,177,502,227,0 410,81,439,107,1 903,182,960,228,0
data/data7.23/image/bitmap_1563840854940.jpg 454,178,513,226,0 423,77,450,102,1 908,185,959,228,0
data/data7.23/image/bitmap_1563840856167.jpg 422,177,479,225,0 879,181,937,225,0 340,66,365,83,1
data/data7.23/image/bitmap_1563840856955.jpg 415,174,470,221,0 312,65,336,81,1 871,178,930,223,0
data/data7.23/image/bitmap_1563840857749.jpg 419,176,476,223,0 873,180,931,224,0 273,70,298,84,1
data/data7.23/image/bitmap_1563840858204.jpg 420,174,476,221,0 872,181,930,223,0 262,72,288,90,1
data/data7.23/image/bitmap_1563840859329.jpg 465,177,521,222,0 262,77,288,93,1 900,184,957,227,0
data/data7.23/image/bitmap_1563840859775.jpg 462,176,518,222,0 896,181,954,223,0
data/data7.23/image/bitmap_1563840860179.jpg 458,175,515,220,0 894,181,951,223,0 262,73,286,90,1
data/data7.23/image/bitmap_1563840860555.jpg 474,172,530,218,0 277,71,303,90,1 904,181,959,223,0
data/data7.23/image/bitmap_1563840860954.jpg 480,172,538,216,0 288,72,314,90,1 907,181,960,223,0
data/data7.23/image/bitmap_1563840861749.jpg 488,174,546,221,0 291,70,317,91,0 920,182,960,225,0
data/data7.23/image/bitmap_1563840864185.jpg 498,222,573,281,0 240,94,271,116,1
data/data7.23/image/bitmap_1563840867752.jpg 504,268,594,343,0 141,124,182,156,1
data/data7.23/image/bitmap_1563840868158.jpg 502,273,591,349,0 135,131,173,161,1
data/data7.23/image/bitmap_1563840872140.jpg 21,188,71,231,1 502,361,622,466,0
data/data7.23/image/bitmap_1563840888965.jpg 363,281,574,456,0 409,97,491,174,2
data/data7.23/image/bitmap_1563840889760.jpg 365,258,574,432,0 409,84,491,158,2
data/data7.23/image/bitmap_1563840890603.jpg 365,317,573,492,0 411,151,491,221,2
data/data7.23/image/bitmap_1563840891410.jpg 364,284,568,458,0 411,129,489,196,2
data/data7.23/image/bitmap_1563840894630.jpg 345,383,567,563,0 396,192,482,268,2
data/data7.23/image/bitmap_1563840895355.jpg 331,353,571,548,0 391,160,480,240,2
data/data7.23/image/bitmap_1563840899811.jpg 341,492,648,720,0 412,263,514,350,2
data/data7.23/image/bitmap_1563840900623.jpg 353,531,662,719,0 421,285,523,376,2
data/data7.23/image/bitmap_1563840946398.jpg 638,182,727,262,0 384,3,422,37,1
data/data7.23/image/bitmap_1563840947274.jpg 423,217,454,248,1 644,384,731,463,0
data/data7.23/image/bitmap_1563840948040.jpg 644,383,731,460,0 421,211,451,240,1
data/data7.23/image/bitmap_1563840948804.jpg 648,381,733,457,0 446,202,471,225,1
data/data7.23/image/bitmap_1563840949620.jpg 478,198,507,225,1 693,380,780,456,0
data/data7.23/image/bitmap_1563840950414.jpg 538,195,567,222,1 754,379,846,455,0
data/data7.23/image/bitmap_1563840951232.jpg 722,375,811,446,0 503,197,530,225,1
data/data7.23/image/bitmap_1563840952051.jpg 607,365,696,433,0 380,200,408,227,1
data/data7.23/image/bitmap_1563840952828.jpg 342,204,370,232,1 572,361,660,430,0
data/data7.23/image/bitmap_1563840953635.jpg 572,361,657,430,0 356,204,384,230,1
data/data7.23/image/bitmap_1563840955255.jpg 301,240,344,275,1 561,405,659,485,0
data/data7.23/image/bitmap_1563840956075.jpg 296,289,348,322,1 570,466,686,564,0
data/data7.23/image/bitmap_1563840956865.jpg 306,327,363,361,1 581,522,714,638,0 577,494,631,522,2
data/data7.23/image/bitmap_1563840957650.jpg 306,340,369,385,1 583,504,638,534,2 588,535,728,652,0
data/data7.23/image/bitmap_1563840958474.jpg 316,342,388,395,1 632,506,689,537,2 647,534,792,655,0
data/data7.23/image/bitmap_1563840959252.jpg 671,534,810,655,0 651,507,707,538,2 310,356,376,419,1
data/data7.23/image/bitmap_1563840962473.jpg 335,325,394,376,1 689,519,747,551,2 714,549,867,676,0
data/data7.23/image/bitmap_1563840963272.jpg 288,334,353,383,1 671,519,730,551,2 694,551,846,677,0
data/data7.23/image/bitmap_1563840964035.jpg 263,369,333,422,1 668,527,726,559,2 690,560,843,687,0
data/data7.23/image/bitmap_1563840964863.jpg 277,365,348,411,1 675,565,830,694,0 655,531,715,564,2
data/data7.23/image/bitmap_1563840965648.jpg 271,352,338,403,1 634,528,693,560,2 647,562,801,690,0
data/data7.23/image/bitmap_1563842856259.jpg 540,150,593,200,1 486,203,524,244,0
data/data7.23/image/bitmap_1563842856639.jpg 617,149,666,196,1 505,202,566,247,0
data/data7.23/image/bitmap_1563842857066.jpg 651,148,697,189,1 514,202,574,247,0
data/data7.23/image/bitmap_1563842858229.jpg 677,55,722,93,1 523,110,583,155,0
data/data7.23/image/bitmap_1563842858457.jpg 678,30,723,70,1 523,84,582,131,0
data/data7.23/image/bitmap_1563842858654.jpg 523,72,583,117,0 675,17,722,56,0
data/data7.23/image/bitmap_1563842859423.jpg 674,11,719,51,1 522,68,583,114,0
data/data7.23/image/bitmap_1563842943401.jpg 462,105,502,135,1 523,151,571,186,0
data/data7.23/image/bitmap_1563842943624.jpg 458,105,498,133,1 523,151,570,186,0
data/data7.23/image/bitmap_1563842943813.jpg 456,105,497,137,1 523,151,570,186,0
data/data7.23/image/bitmap_1563842946818.jpg 516,153,563,186,0 368,109,407,142,1
data/data7.23/image/bitmap_1563842947223.jpg 354,106,391,136,1 507,150,554,184,0
data/data7.23/image/bitmap_1563842947398.jpg 348,105,385,133,1 505,149,553,185,0
data/data7.23/image/bitmap_1563842947623.jpg 344,105,379,132,1 504,150,551,186,0
data/data7.23/image/bitmap_1563842947823.jpg 331,100,366,131,1 500,151,546,187,0
data/data7.23/image/bitmap_1563842948013.jpg 321,97,356,124,1 497,150,542,186,0
data/data7.23/image/bitmap_1563841095901.jpg 272,417,361,502,1 197,517,393,670,0
data/data8.23/image/1566551958145.jpg 246,322,343,415,2 45,605,403,720,0
data/data8.23/image/1566551958784.jpg 220,282,322,370,2 0,548,351,720,0
data/data8.23/image/1566551959085.jpg 212,223,318,309,2 0,477,338,719,0
data/data8.23/image/1566551960465.jpg 338,227,453,330,2 38,452,421,719,0
data/data8.23/image/1566551962485.jpg 133,441,553,720,0 476,238,599,353,2
data/data8.23/image/1566551964091.jpg 509,130,627,243,2 226,336,628,653,0
data/data8.23/image/1566551965437.jpg 561,1,666,97,2 349,205,729,473,0
data/data8.23/image/1566551966422.jpg 540,90,632,166,2 381,273,738,520,0
data/data8.23/image/1566551966776.jpg 528,156,620,226,2 379,325,735,569,0
data/data8.23/image/1566551973126.jpg 485,237,568,291,2 447,298,746,536,0
data/data8.23/image/1566551976443.jpg 401,226,488,281,2 432,247,704,495,0
data/data8.23/image/1566551987900.jpg 489,57,533,82,2 518,43,683,167,0
data/data8.23/image/1566558209151.jpg 33,389,647,720,0 429,288,609,452,2
data/data8.23/image/1566558210455.jpg 328,253,562,464,2
data/data8.23/image/1566558212127.jpg 274,266,498,460,2
data/data8.23/image/1566558214444.jpg 387,292,600,490,2 388,367,960,718,0
data/data8.23/image/1566558219132.jpg 278,453,696,718,0 365,359,488,477,2
data/data8.23/image/1566558221464.jpg 352,270,454,364,2 238,348,609,614,0
data/data8.23/image/1566558226853.jpg 319,176,631,417,0 454,136,543,196,2
data/data8.23/image/1566558318864.jpg 282,263,427,411,2 184,373,670,720,0
data/data8.23/image/1566558329885.jpg 131,167,621,525,0 421,79,565,203,2
data/data8.23/image/1566558330545.jpg 479,96,614,209,2 224,198,671,510,0
data/data8.23/image/1566558333556.jpg 23,27,438,415,0 327,55,468,178,2
data/data8.23/image/1566558359603.jpg 320,474,443,578,2 316,563,693,712,0
data/data8.23/image/1566558370613.jpg 127,467,253,585,2 68,572,480,714,0
data/data8.23/image/1566558375265.jpg 218,416,341,525,2 150,498,559,711,0
data/data8.23/image/1566558375954.jpg 248,416,361,515,2 170,486,563,712,0
data/data8.23/image/1566558382306.jpg 269,452,663,712,0 338,383,459,471,2
data/data8.23/image/1566558383601.jpg 353,410,471,516,2 323,451,718,716,0
data/data8.23/image/1566558391932.jpg 531,570,895,714,0 574,471,688,565,2
data/data8.23/image/1566551992836.jpg 430,68,479,93,2 452,53,623,187,0
data/data8.23/image/1566551999162.jpg 462,199,530,236,2 197,109,332,275,0
data/data8.23/image/1566552008831.jpg 407,189,536,301,0 593,295,656,327,2
data/data8.23/image/1566552051530.jpg 354,150,451,206,2 531,103,749,315,0
data/data8.23/image/1566552121464.jpg 448,217,533,272,2 309,305,672,565,0
data/data8.23/image/1566558208776.jpg 447,297,622,454,2 71,393,655,720,0
data/data8.23/image/1566558236155.jpg 298,502,447,654,2
data/data8.23/image/1566558275494.jpg 345,280,406,335,0 393,337,486,427,0
data/data8.23/image/1566558334565.jpg 444,106,582,235,2 138,65,556,463,0
data/data8.23/image/1566558355906.jpg 396,509,513,599,2 420,567,764,713,0
data/data8.23/image/1566558399640.jpg 430,420,762,663,0 491,345,584,421,2
data/data8.23/image/1566558426980.jpg 356,483,580,698,2
data/data8.23/image/1566563435650.jpg 273,317,383,384,0 589,317,700,386,0 877,320,960,385,0
data/data8.23/image/1566563455661.jpg 363,441,561,622,0 775,309,907,428,0
data/data8.23/image/1566558402978.jpg 250,492,585,716,0 376,415,467,506,2
data/data8.23/image/1566558410634.jpg 171,478,303,610,2 7,534,318,713,0
data/data8.23/image/1566558416310.jpg 15,429,154,560,2 8,572,143,714,0
data/data8.23/image/1566558420310.jpg 248,503,369,634,2 34,605,418,712,0
data/data8.23/image/1566558422016.jpg 327,537,462,664,2
data/data8.23/image/1566558422320.jpg 348,524,481,657,2
data/data8.23/image/1566558423973.jpg 344,478,515,637,2
data/data8.23/image/1566558425307.jpg 336,435,534,621,2 285,609,832,713,0
data/data8.23/image/1566558433635.jpg 283,379,443,542,2
data/data8.23/image/1566558437633.jpg 205,307,398,479,2 13,531,469,715,0
data/data8.23/image/1566558439318.jpg 311,461,512,654,2
data/data8.23/image/1566558442637.jpg 343,376,519,550,2 16,544,502,711,0
data/data8.23/image/1566558444336.jpg 326,399,499,563,2 34,602,531,713,0
data/data8.23/image/1566558447676.jpg 299,385,452,532,2 90,631,639,716,0
data/data8.23/image/1566558448971.jpg 354,359,518,513,2 154,567,756,714,0
data/data8.23/image/1566552119057.jpg 423,494,540,587,2
data/data8.23/image/1566552119435.jpg 435,446,546,525,2
data/data8.23/image/1566552119713.jpg 442,388,549,466,2 279,571,746,720,0
data/data8.23/image/1566552120056.jpg 434,333,529,397,2 275,486,735,720,0
data/data8.23/image/1566552120447.jpg 417,298,510,363,2 245,434,684,694,0
data/data8.23/image/1566552120751.jpg 415,256,505,317,2 248,377,663,666,0
data/data8.23/image/1566552121062.jpg 433,235,522,293,2 285,336,669,613,0
data/data8.23/image/1566558239140.jpg 282,421,432,573,2 87,535,646,720,0
data/data8.23/image/1566558240514.jpg 279,605,449,720,2
data/data8.23/image/1566558241835.jpg 255,482,412,642,2
data/data8.23/image/1566558243192.jpg 220,446,358,586,2
data/data8.23/image/1566558245136.jpg 281,452,418,582,2
data/data8.23/image/1566558248168.jpg 378,285,493,401,2 275,381,663,703,0
data/data8.23/image/1566558248880.jpg 287,241,656,552,0 374,146,491,269,2
data/data8.23/image/1566558274173.jpg 239,277,297,331,0 264,336,339,398,0
data/data8.23/image/1566558336593.jpg 423,133,568,268,2 105,128,556,537,0
data/data8.23/image/1566558340221.jpg 210,203,549,448,0 343,119,439,208,2
data/data8.23/image/1566558341905.jpg 140,101,251,209,2 47,133,420,462,0
data/data8.23/image/1566558343231.jpg 22,72,124,168,2 0,87,299,425,0
data/data8.23/image/1566558344937.jpg 32,16,385,341,0 102,13,202,92,2
data/data8.23/image/1566558346882.jpg 176,1,274,55,2 99,1,449,293,0
data/data8.23/image/1566558348590.jpg 221,0,564,246,0
data/data8.23/image/1566558352230.jpg 389,239,495,320,2 428,280,726,518,0
data/data8.23/image/1566558354231.jpg 449,585,560,679,2 549,594,818,712,0
data/data8.23/image/1566552122703.jpg 256,204,538,401,0 403,157,473,198,2
data/data8.23/image/1566552128437.jpg 429,20,612,159,0
data/data8.23/image/1566552128781.jpg 428,22,600,157,0
data/data8.23/image/1566552130799.jpg 441,51,652,216,0
data/data8.23/image/1566552136756.jpg 669,29,829,147,0
data/data8.23/image/1566552149053.jpg 389,178,513,258,0
data/data8.23/image/1566552155406.jpg 425,290,514,345,0
data/data8.23/image/1566552171776.jpg 560,261,630,301,0
data/data8.23/image/1566563391937.jpg 421,156,452,174,0 522,153,552,172,0 317,158,351,177,0 218,161,252,180,0
data/data8.23/image/1566563392586.jpg 312,161,346,182,0 420,159,452,180,0 525,159,557,177,0 208,165,243,185,0
data/data8.23/image/1566563392916.jpg 204,168,238,189,0 309,165,345,185,0 419,162,452,183,0 525,162,558,181,0
data/data8.23/image/1566563393248.jpg 198,172,235,192,0 306,167,342,187,0 417,165,450,185,0 527,165,560,185,0
data/data8.23/image/1566563393618.jpg 193,174,229,194,0 302,169,339,190,0 416,168,450,189,0 526,167,561,188,0
data/data8.23/image/1566563397952.jpg 412,216,457,245,0 563,216,611,244,0 259,217,308,247,0 118,222,168,251,0
data/data8.23/image/1566563409949.jpg 338,208,386,237,0 489,207,535,237,0 636,208,686,238,0 776,212,825,240,0
data/data8.23/image/1566563411297.jpg 587,206,637,238,0 742,220,791,254,0 895,241,948,277,0
data/data8.23/image/1566563412614.jpg 502,203,554,234,0 654,213,706,243,0 809,226,864,258,0
data/data8.23/image/1566563420610.jpg 143,260,210,299,0 337,251,399,291,0 529,246,592,285,0 705,242,771,278,0
data/data8.23/image/1566563431975.jpg 375,326,474,395,0 687,340,794,412,0
data/data8.23/image/1566563432275.jpg 186,341,302,415,0 503,315,606,386,0 770,297,870,359,0
data/data8.23/image/1566563436315.jpg 432,305,532,376,0 747,336,857,414,0
data/data8.23/image/1566563438645.jpg 290,306,399,384,0 549,255,648,320,0 739,219,816,270,0 0,376,80,469,0
data/data8.23/image/1566563440645.jpg 249,257,347,325,0 429,197,502,248,0 1,356,104,460,0
data/data8.23/image/1566563443654.jpg 356,301,459,378,0 616,259,706,322,0 801,235,876,284,0 26,356,140,449,0
data/data8.23/image/1566563444977.jpg 468,304,573,381,0 739,280,834,342,0 134,336,245,419,0
data/data8.23/image/1566563446314.jpg 599,401,734,494,0 188,407,324,497,0
data/data8.23/image/1566563448630.jpg 603,520,778,649,0 69,528,250,655,0
data/data8.23/image/1566563449312.jpg 21,589,218,720,0 604,585,804,720,0
data/data8.23/image/1566563450332.jpg 14,561,209,700,0 597,556,794,700,0
data/data8.23/image/1566563451316.jpg 11,497,200,631,0 577,481,774,623,0
data/data8.23/image/1566563451660.jpg 428,443,629,609,0 849,335,959,456,0
data/data8.23/image/1566563452299.jpg 664,276,796,394,0 278,442,480,635,0 855,196,938,268,0 818,214,857,235,2
data/data8.23/image/1566563452657.jpg 157,466,367,664,0 532,255,652,374,0 700,154,786,230,0
data/data8.23/image/1566563454336.jpg 499,251,619,371,0 669,150,748,225,0 630,180,667,199,2 138,470,346,672,0
data/data8.23/image/1566563455317.jpg 206,457,413,649,0 581,264,705,376,0 753,169,839,244,0 715,194,750,215,2
data/data8.23/image/1566563456008.jpg 376,444,574,622,0 782,313,921,435,0
data/data8.23/image/1566563457339.jpg 326,444,528,626,0 713,290,840,407,0 891,209,959,285,0
data/data8.23/image/1566563457679.jpg 477,461,670,621,0 902,370,960,484,0 0,571,99,720,0
data/data8.23/image/1566563461339.jpg 5,523,188,651,0 568,478,765,631,0
data/data8.23/image/1566563461999.jpg 516,462,710,619,0 0,550,135,695,0
data/data8.23/image/1566563462994.jpg 654,512,853,657,0 75,474,274,614,0
data/data8.23/image/1566563463334.jpg 693,528,888,675,0 125,453,318,599,0
data/data8.23/image/1566563463674.jpg 567,480,765,628,0 3,522,184,656,0
data/data8.23/image/1566563464332.jpg 259,452,465,643,0 632,274,762,389,0 810,187,902,264,0
data/data8.23/image/1566563464995.jpg 423,253,536,372,0 573,146,646,218,0 93,493,299,698,0 534,178,572,196,2
data/data8.23/image/1566563465322.jpg 297,262,415,376,0 3,539,203,720,0 439,139,516,206,0
data/data8.23/image/1566563465666.jpg 208,152,285,225,0 84,297,205,418,0
data/data8.23/image/1566563471352.jpg 97,380,170,454,0 0,529,105,656,0
data/data8.23/image/1566563471662.jpg 51,514,163,635,0 159,371,231,440,0
data/data8.23/image/1566563472350.jpg 442,348,508,418,0 306,468,417,587,0
data/data8.23/image/1566563473029.jpg 642,360,714,431,0 495,464,607,583,0
data/data8.23/image/1566563473338.jpg 774,410,812,431,2 814,384,892,461,0 646,480,771,605,0
data/data8.23/image/1566563474013.jpg 858,534,960,664,0
data/data8.23/image/1566563476344.jpg 453,605,653,719,0
data/data8.23/image/1566563382307.jpg 346,442,375,457,0 438,442,465,457,0 253,441,285,458,0 165,441,197,456,0
data/data8.23/image/1566563480013.jpg 1,384,62,468,0
data/data8.23/image/1566563480352.jpg 223,348,298,415,0 96,480,219,599,0 183,392,226,408,2
data/data8.23/image/1566563480662.jpg 451,338,525,405,0 314,445,430,565,0 94,703,143,720,0 416,372,454,388,2
data/data8.23/image/1566563481349.jpg 498,442,612,560,0 650,347,723,417,0
data/data8.23/image/1566563481682.jpg 500,425,615,546,0 650,331,726,402,0 150,639,334,720,0
data/data8.23/image/1566563482025.jpg 496,375,616,486,0 653,297,730,362,0 92,569,337,719,0
data/data8.23/image/1566563482693.jpg 36,428,322,676,0 502,285,627,392,0 658,231,741,297,0 622,265,660,281,2
data/data8.23/image/1566563487016.jpg 621,282,654,286,2 656,239,736,288,0 485,225,622,306,0 1,198,247,377,0
data/data8.23/image/1566563487689.jpg 655,287,734,337,0 481,263,620,345,0 1,190,237,366,0 621,333,650,336,2
data/data8.23/image/1566563550399.jpg 783,537,885,623,0 473,605,608,711,0 67,670,198,720,0
data/data8.23/image/1566563550726.jpg 477,603,604,714,0 779,536,888,624,0 62,670,198,720,0
data/data8.23/image/1566563553427.jpg 465,615,611,720,0 883,681,959,720,0
data/data8.23/image/1566563553775.jpg 572,619,715,720,0
data/data8.23/image/1566563554410.jpg 561,615,708,720,0
data/data8.23/image/1566563555111.jpg 243,624,376,720,0 652,619,786,720,0
data/data8.23/image/1566563555773.jpg 51,661,188,720,0 462,593,596,707,0 771,528,880,615,0 935,491,960,510,2
data/data8.23/image/1566563556087.jpg 23,665,166,720,0 435,593,572,708,0 747,524,856,614,0 941,477,960,526,0 913,488,939,505,2
data/data8.23/image/1566563556476.jpg 828,446,907,513,0 645,508,750,598,0 345,592,481,712,0 1,688,71,720,0
data/data8.23/image/1566563557746.jpg 327,598,467,720,0 632,510,741,598,0 816,448,897,514,0 793,471,822,485,2
data/data8.23/image/1566563558754.jpg 510,420,583,480,0 345,497,449,588,0 53,636,205,720,0
data/data8.23/image/1566563559092.jpg 372,418,441,479,0 213,510,315,603,0 1,669,78,720,0 350,448,375,461,2
data/data8.23/image/1566563559802.jpg 193,434,268,494,0 34,539,141,637,0 167,466,201,482,2
data/data8.23/image/1566563560127.jpg 133,439,203,500,0 1,551,86,643,0
data/data8.23/image/1566563560451.jpg 94,443,167,507,0 1,559,51,656,0
data/data8.23/image/1566563566767.jpg 244,429,315,488,0 88,528,192,621,0
data/data8.23/image/1566563567128.jpg 297,423,365,487,0 141,522,248,615,0
data/data8.23/image/1566563567478.jpg 520,420,591,480,0 362,497,463,586,0 74,630,228,720,0
data/data8.23/image/1566563567800.jpg 654,430,727,490,0 489,497,589,587,0 193,610,339,720,0 630,453,656,469,2
data/data8.23/image/1566563568122.jpg 731,437,808,502,0 559,499,666,591,0 261,602,411,720,0 704,460,735,477,2
data/data8.23/image/1566563568471.jpg 821,475,850,492,2 843,454,923,518,0 663,511,770,602,0 364,593,502,714,0
data/data8.23/image/1566563569116.jpg 123,636,267,719,0 546,595,684,707,0 862,540,960,634,0
data/data8.23/image/1566563569443.jpg 202,623,351,720,0 630,608,775,714,0
data/data8.23/image/1566563569763.jpg 280,611,418,718,0 701,624,843,720,0
data/data8.23/image/1566563570081.jpg 281,614,422,718,0 701,622,843,720,0
data/data8.23/image/1566563571437.jpg 266,540,412,647,0 709,548,858,657,0
data/data8.23/image/1566563573430.jpg 200,609,379,720,0 727,616,908,720,0
data/data8.23/image/1566563574122.jpg 146,586,347,720,0 735,598,945,720,0
data/data8.23/image/1566563576103.jpg 116,602,357,720,0 836,698,959,720,0
data/data8.23/image/1566563576499.jpg 129,594,370,720,0 846,704,960,718,0
data/data8.23/image/1566563576804.jpg 57,615,299,720,0 768,663,960,719,0
data/data8.23/image/1566563577800.jpg 97,626,346,720,0 814,664,960,719,0
data/data8.23/image/1566563579779.jpg 196,639,439,720,0 886,660,959,720,0
data/data8.23/image/1566563631845.jpg 413,322,478,386,2 335,435,531,568,0
data/data8.23/image/1566563632125.jpg 404,318,475,389,2 316,441,531,586,0
data/data8.23/image/1566563632826.jpg 282,447,536,629,0 386,310,471,395,2
data/data8.23/image/1566563634150.jpg 343,305,449,413,2 193,486,542,718,0
data/data8.23/image/1566563634812.jpg 308,307,434,434,2 130,509,537,720,0
data/data8.23/image/1566563635134.jpg 296,313,424,439,2 115,519,525,720,0
data/data8.23/image/1566563635504.jpg 277,314,411,447,2 85,530,515,720,0
data/data8.23/image/1566563636138.jpg 259,321,392,454,2 67,534,494,720,0
data/data8.23/image/1566563636821.jpg 245,258,375,388,2 45,469,478,720,0
data/data8.23/image/1566563637157.jpg 34,431,471,720,0 238,218,368,352,2
data/data8.23/image/1566563637503.jpg 227,209,358,336,2 27,423,463,720,0
data/data8.23/image/1566563637795.jpg 1,428,447,719,0 205,199,346,335,2
data/data8.23/image/1566563638160.jpg 179,193,322,340,2 1,430,429,717,0
data/data8.23/image/1566563638864.jpg 1,447,411,720,0 141,192,294,349,2
data/data8.23/image/1566563640137.jpg 228,206,382,360,2 0,468,506,719,0
data/data8.23/image/1566563640813.jpg 279,214,436,372,2 27,479,587,719,0
data/data8.23/image/1566563641509.jpg 276,179,432,335,2 17,450,585,719,0
data/data8.23/image/1566563641857.jpg 270,167,427,325,2 15,441,574,719,0
data/data8.23/image/1566563642527.jpg 276,194,414,330,2 56,429,533,720,0
data/data8.23/image/1566563642810.jpg 267,198,406,337,2 53,436,522,720,0
data/data8.23/image/1566563643154.jpg 265,248,401,388,2 40,488,516,719,0
data/data8.23/image/1566563643485.jpg 264,264,401,403,2 37,499,516,720,0
data/data8.23/image/1566563643825.jpg 268,275,405,415,2 43,510,523,720,0
data/data8.23/image/1566563644529.jpg 276,325,413,461,2 50,569,534,720,0
data/data8.23/image/1566563645177.jpg 280,361,419,500,2 49,607,546,720,0
data/data8.23/image/1566563645475.jpg 285,341,421,475,2 57,576,547,720,0
data/data8.23/image/1566563645842.jpg 291,284,428,415,2 61,506,553,720,0
data/data8.23/image/1566563646157.jpg 301,240,435,362,2 63,418,558,720,0
data/data8.23/image/1566563646505.jpg 315,165,442,275,2 65,293,564,610,0
data/data8.23/image/1566563647531.jpg 331,140,445,226,2 87,230,568,532,0
data/data8.23/image/1566563648503.jpg 330,137,445,216,2 89,219,560,524,0
data/data8.23/image/1566563648838.jpg 334,90,447,144,2 95,146,558,456,0
data/data8.23/image/1566563649186.jpg 347,97,450,154,2 133,156,552,439,0
data/data8.23/image/1566563649526.jpg 356,128,453,186,2 168,190,544,448,0
data/data8.23/image/1566563649852.jpg 369,184,456,256,2 219,260,535,473,0
data/data8.23/image/1566563651477.jpg 373,223,456,291,2 225,294,531,497,0
data/data8.23/image/1566563652155.jpg 386,128,463,161,2 259,164,534,359,0
data/data8.23/image/1566563654859.jpg 396,121,463,148,2 289,152,523,324,0
data/data8.23/image/1566563661862.jpg 370,308,442,375,2 253,404,504,567,0
data/data8.23/image/1566563663176.jpg 358,375,435,452,2 240,495,494,659,0
data/data8.23/image/1566563667164.jpg 294,244,401,349,2 122,414,481,654,0
data/data8.23/image/1566563667537.jpg 281,237,393,347,2 99,417,478,673,0
data/data8.23/image/1566563668187.jpg 245,221,369,343,2 32,422,468,720,0
data/data8.23/image/1566563668511.jpg 224,210,351,338,2 1,422,457,720,0
data/data8.23/image/1566563670505.jpg 139,206,279,351,2 1,458,393,720,0
data/data8.23/image/1566563670830.jpg 139,194,273,329,2 0,427,386,720,0
data/data8.23/image/1566563671153.jpg 142,103,275,231,2 2,280,384,633,0
data/data8.23/image/1566563671501.jpg 166,1,285,39,2 0,48,377,385,0
data/data8.23/image/1566563671824.jpg 1,0,384,152,0
data/data8.23/image/1566563694174.jpg 508,208,575,262,2 491,241,688,401,0 0,339,113,483,0
data/data8.23/image/1566563695853.jpg 431,362,514,438,2 428,418,665,623,0
data/data8.23/image/1566563697909.jpg 429,418,516,499,2 426,488,675,699,0
data/data8.23/image/1566563700869.jpg 406,535,498,627,2 404,632,647,720,0
data/data8.23/image/1566563702864.jpg 453,461,528,534,2 387,596,617,719,0
data/data8.23/image/1566563704857.jpg 450,374,523,444,2 390,505,614,653,0
data/data8.23/image/1566563709860.jpg 370,568,598,718,0 432,422,509,497,2
data/data8.23/image/1566563715201.jpg 398,390,516,507,2 269,616,666,720,0
data/data8.23/image/1566563715863.jpg 378,386,512,518,2 230,634,678,720,0
data/data8.23/image/1566563716216.jpg 367,379,510,518,2
data/data8.23/image/1566563719537.jpg 220,300,453,543,2
data/data8.23/image/1566563723553.jpg 441,310,707,567,2
data/data8.23/image/1566563725233.jpg 458,406,600,545,2
data/data8.23/image/1566563725573.jpg 459,423,581,544,2
data/data8.23/image/1566563725868.jpg 456,433,572,547,2 360,641,718,720,0
data/data8.23/image/1566563726553.jpg 465,455,558,546,2 393,621,668,719,0
data/data8.23/image/1566563727207.jpg 468,574,565,672,2
data/data8.23/image/1566563727537.jpg 473,674,564,720,2
data/data8.23/image/1566563730240.jpg 503,514,594,601,2 439,657,717,720,0
data/data8.23/image/1566563730883.jpg 503,438,590,515,2 446,551,732,719,0
data/data8.23/image/1566563743583.jpg 378,425,589,582,0
data/data8.23/image/1566563746909.jpg 369,554,588,718,0
data/data8.23/image/1566563747238.jpg 326,544,551,720,0 387,503,456,562,2
data/data8.23/image/1566563748235.jpg 217,540,469,720,0 269,518,344,577,2 758,338,935,498,0
data/data8.23/image/1566563748918.jpg 203,543,286,617,2 163,555,421,717,0 681,304,844,462,0
data/data8.23/image/1566563749874.jpg 590,281,743,442,0 789,147,881,239,0 138,585,227,667,2 112,591,378,720,0
data/data8.23/image/1566563750564.jpg 302,524,387,596,2 255,557,503,720,0 801,366,959,533,0
data/data8.23/image/1566563751596.jpg 423,515,495,576,2 357,565,595,719,0
data/data8.23/image/1566563751940.jpg 495,515,561,571,2 414,573,647,720,0
data/data8.23/image/1566563753919.jpg 508,511,575,568,2 423,573,660,720,0
data/data8.23/image/1566563754242.jpg 555,514,623,574,2 456,561,692,718,0 1,459,96,611,0
data/data8.23/image/1566563755610.jpg 497,541,567,601,2 409,609,648,720,0
data/data8.23/image/1566563756263.jpg 501,608,574,676,2
data/data8.23/image/1566563756633.jpg 503,647,579,720,2
data/data8.23/image/1566563756930.jpg 505,661,589,720,2
data/data8.23/image/1566563757274.jpg 506,663,594,720,2
data/data8.23/image/1566563758266.jpg 504,684,592,719,2
data/data8.23/image/1566563758581.jpg 498,645,589,720,2
data/data8.23/image/1566563758951.jpg 493,568,582,655,2
data/data8.23/image/1566563759258.jpg 490,474,575,560,2 387,647,665,720,0
data/data8.23/image/1566563759903.jpg 479,358,567,444,2 378,515,649,703,0
data/data8.23/image/1566563760295.jpg 478,299,563,390,2 375,457,644,645,0
data/data8.23/image/1566563765246.jpg 417,248,528,359,2 270,443,627,690,0
data/data8.23/image/1566563765586.jpg 408,238,529,364,2 246,455,629,714,0
data/data8.23/image/1566563765925.jpg 403,235,530,365,2 228,465,656,715,0
data/data8.23/image/1566563766251.jpg 399,230,534,370,2 211,477,662,715,0
data/data8.23/image/1566563766561.jpg 389,219,540,374,2 167,489,687,718,0
data/data8.23/image/1566563766918.jpg 114,509,717,714,0 370,208,546,383,2
data/data8.23/image/1566563767262.jpg 354,200,541,386,2 71,522,741,715,0
data/data8.23/image/1566563767603.jpg 348,203,535,395,2 66,523,729,713,0
data/data8.23/image/1566563767925.jpg 344,212,528,397,2 69,532,716,716,0
data/data8.23/image/1566563768282.jpg 345,221,528,406,2 75,536,720,717,0
data/data8.23/image/1566563768613.jpg 430,231,612,420,2 180,554,833,714,0
data/data8.23/image/1566563768942.jpg 524,248,707,435,2 298,568,934,716,0
data/data8.23/image/1566563769283.jpg 556,262,742,450,2 342,587,956,715,0
data/data8.23/image/1566563772945.jpg 485,231,676,425,2 228,563,914,717,0
data/data8.23/image/1566563773264.jpg 482,214,678,408,2 225,546,917,716,0
data/data8.23/image/1566563773614.jpg 221,529,915,716,0 480,189,678,382,2
data/data8.23/image/1566563773922.jpg 480,156,670,347,2 217,489,921,716,0
data/data8.23/image/1566563774269.jpg 212,439,918,714,0 479,107,672,295,2
data/data8.23/image/1566563774607.jpg 208,396,918,713,0 480,60,670,245,2
data/data8.23/image/1566563774928.jpg 207,347,936,714,0 479,31,666,211,2
data/data8.23/image/1566563775947.jpg 479,23,666,210,2 208,342,921,714,0
data/data8.23/image/1566563776268.jpg 478,79,669,260,2 207,399,928,716,0
data/data8.23/image/1566563776589.jpg 478,169,666,347,2 202,484,941,717,0
data/data8.23/image/1566563778590.jpg 488,208,673,379,2 210,519,957,717,0
data/data8.23/image/1566563780236.jpg 487,238,666,405,2 214,541,952,714,0
data/data8.23/image/1566563830647.jpg 530,237,660,347,2 278,316,714,664,0
data/data8.23/image/1566563831004.jpg 537,239,663,345,2 286,305,725,663,0
data/data8.23/image/1566563833022.jpg 318,232,737,577,0 554,168,679,272,2
data/data8.23/image/1566563833981.jpg 648,186,776,303,2 384,213,814,596,0
data/data8.23/image/1566563835305.jpg 336,203,771,595,0 616,185,754,300,2
data/data8.23/image/1566563836004.jpg 207,195,644,573,0 515,177,650,295,2
data/data8.23/image/1566563837648.jpg 500,154,636,270,2 188,168,625,555,0
data/data8.23/image/1566563839004.jpg 459,147,596,257,2 177,194,611,556,0
data/data8.23/image/1566563840358.jpg 78,284,490,570,0 306,172,424,268,2
data/data8.23/image/1566563841684.jpg 30,327,454,648,0 182,223,295,329,2
data/data8.23/image/1566563842655.jpg 68,312,195,443,2 8,396,442,714,0 881,12,954,194,0
data/data8.23/image/1566563843974.jpg 44,364,174,506,2 14,428,453,714,0 812,5,953,160,0
data/data8.23/image/1566563844648.jpg 114,281,243,411,2 9,382,467,715,0
data/data8.23/image/1566563845303.jpg 159,241,288,370,2 7,361,474,714,0
data/data8.23/image/1566563845646.jpg 242,211,361,315,2 47,346,482,634,0
data/data8.23/image/1566563846311.jpg 58,311,514,629,0 307,186,441,292,2
data/data8.23/image/1566563847680.jpg 353,186,477,294,2 109,313,571,631,0
data/data8.23/image/1566563849021.jpg 273,332,737,619,0 426,194,545,291,2
data/data8.23/image/1566563853653.jpg 185,273,717,599,0 412,143,538,252,2
data/data8.23/image/1566563854984.jpg 445,342,517,413,2 353,448,586,604,0
data/data8.23/image/1566563855700.jpg 360,408,583,554,0 449,306,519,371,2
data/data8.23/image/1566563855995.jpg 360,344,583,489,0 447,238,517,308,2
data/data8.23/image/1566563861034.jpg 285,285,640,515,0 429,145,531,241,2
data/data8.23/image/1566563865332.jpg 356,341,459,441,2 218,534,540,716,0
data/data8.23/image/1566563866696.jpg 127,546,571,716,0 322,299,453,429,2
data/data8.23/image/1566563867356.jpg 299,279,447,422,2 69,556,589,717,0
data/data8.23/image/1566563867688.jpg 288,271,443,424,2 38,559,588,716,0
data/data8.23/image/1566563868009.jpg 269,264,434,421,2 2,565,588,718,0
data/data8.23/image/1566563868362.jpg 244,254,424,427,2 4,574,586,719,0
data/data8.23/image/1566563868990.jpg 208,246,401,428,2 5,605,566,717,0
data/data8.23/image/1566563869324.jpg 216,256,403,436,2
data/data8.23/image/1566563869670.jpg 291,268,474,448,2
data/data8.23/image/1566563872374.jpg 353,303,580,527,2
data/data8.23/image/1566563874674.jpg 470,291,735,547,2
data/data8.23/image/1566563875014.jpg 399,263,691,555,2
data/data8.23/image/1566563875661.jpg 370,285,671,580,2
data/data8.23/image/1566563877022.jpg 389,283,699,587,2
data/data8.23/image/1566563877358.jpg 438,289,746,592,2
data/data8.23/image/1566563878005.jpg 568,313,862,613,2
data/data8.23/image/1566563878333.jpg 596,326,881,629,2
data/data8.23/image/1566563878690.jpg 626,436,888,713,2
data/data8.23/image/1566563880366.jpg 570,528,725,686,2
data/data8.23/image/1566563882399.jpg 514,464,594,546,2 452,617,695,719,0
data/data8.23/image/1566563884045.jpg 457,348,691,499,0 513,240,586,308,2
data/data8.23/image/1566563884371.jpg 459,242,689,396,0 514,156,587,219,2
data/data8.23/image/1566563884726.jpg 466,134,687,293,0 519,68,588,129,2
data/data8.23/image/1566563885009.jpg 521,29,590,80,2 471,86,684,242,0
data/data8.23/image/1566563885677.jpg 472,6,711,178,0
data/data8.23/image/1566564316510.jpg 249,462,323,509,0 480,459,548,505,0 695,455,770,501,0 884,443,951,487,0
data/data8.23/image/1566564320252.jpg 421,458,487,503,0 637,454,709,499,0 833,446,902,489,0
data/data8.23/image/1566564339274.jpg 339,383,386,411,0 486,382,531,409,0 625,379,675,406,0 759,377,807,403,0
data/data8.23/image/1566564340900.jpg 611,385,657,415,0 765,394,815,426,0 915,402,958,434,0
data/data8.23/image/1566564341958.jpg 327,386,372,414,0 477,383,524,411,0 618,377,667,405,0 750,372,798,401,0
data/data8.23/image/1566564347263.jpg 5,410,56,446,0 153,386,206,419,0 285,365,332,393,0
data/data8.23/image/1566564352237.jpg 1,410,44,444,0 125,380,172,411,0
data/data8.23/image/1566564352949.jpg 320,367,365,394,0 191,387,242,418,0 40,410,93,444,0
data/data8.23/image/1566564367955.jpg 202,510,292,567,0 476,505,558,563,0 726,495,812,551,0
data/data8.23/image/1566564369243.jpg 276,553,379,634,0 560,510,653,578,0 772,473,852,527,0
data/data8.23/image/1566564375939.jpg 217,609,330,690,0 570,585,685,670,0 852,544,952,618,0
data/data8.23/image/1566564384291.jpg 714,541,819,617,0 411,583,524,673,0 53,615,174,693,0
data/data8.23/image/1566563554738.jpg 385,611,530,716,0 799,651,943,720,0
data/data8.23/image/1566563572468.jpg 257,554,405,666,0 708,563,864,674,0
data/data8.23/image/1566563639505.jpg 136,198,295,356,2 1,454,407,720,0
data/data8.23/image/1566563646835.jpg 321,163,443,264,2 75,267,566,578,0
data/data8.23/image/1566563669829.jpg 153,196,297,343,2 3,441,413,719,0
data/data8.23/image/1566563717204.jpg 323,359,495,531,2
data/data8.23/image/1566563749274.jpg 637,291,810,455,0 166,560,255,639,2 135,570,396,718,0 866,171,959,267,0
data/data8.23/image/1566563759578.jpg 483,390,569,477,2 381,549,659,720,0 381,548,660,720,0
data/data8.23/image/1566563772599.jpg 486,244,684,439,2 233,582,915,718,0
data/data8.23/image/1566563833298.jpg 554,158,681,267,2 318,218,748,567,0
data/data8.23/image/1566563852665.jpg 235,323,703,614,0 429,189,545,292,2
data/data8.23/image/1566563873671.jpg 491,321,720,551,2
data/data8.23/image/1566564304190.jpg 33,462,107,507,0 241,463,319,512,0 476,464,546,510,0 699,453,774,502,0
data/data8.23/image/1566564403628.jpg 448,518,653,714,0 178,373,304,479,0 301,399,355,426,2 15,264,70,311,0 72,302,149,370,0
data/data8.23/image/1566564437617.jpg 130,254,204,303,0 296,276,390,335,0 548,312,654,389,0 889,367,960,451,0
data/data8.23/image/1566577628323.jpg 570,374,674,440,1 950,247,1050,303,0 651,236,740,289,0 124,216,221,265,0
data/data8.23/image/1566577658024.jpg 322,240,386,276,1 470,430,639,539,0
data/data8.23/image/1566577668355.jpg 1040,250,1080,277,1 784,234,864,290,0 1057,336,1104,392,0
data/data8.23/image/1566577748690.jpg 656,304,717,345,1
data/data8.23/image/1566577759711.jpg 354,290,422,335,1
data/data8.23/image/1566577777382.jpg 480,43,531,71,1
data/data8.23/image/1566577796037.jpg 552,232,620,258,1
data/data8.23/image/1566564387577.jpg 698,544,809,621,0 363,545,467,622,0 57,526,167,600,0
data/data8.23/image/1566564390922.jpg 767,505,882,588,0 429,472,533,553,0 147,437,251,509,0
data/data8.23/image/1566564394577.jpg 681,430,802,523,0 324,399,439,480,0 56,370,162,439,0
data/data8.23/image/1566564397939.jpg 695,437,850,564,0 325,360,451,452,0 110,311,207,379,0 1,281,62,332,0
data/data8.23/image/1566564401949.jpg 657,509,864,687,0 320,369,449,474,0 164,298,251,367,0 83,258,144,308,0
data/data8.23/image/1566564404938.jpg 258,523,455,716,0 73,375,187,479,0 3,305,71,371,0 194,401,245,426,2
data/data8.23/image/1566564405276.jpg 287,388,336,412,2 335,514,524,709,0 170,356,277,457,0 73,247,120,290,0 106,284,173,347,0
data/data8.23/image/1566564407589.jpg 110,244,163,289,0 159,284,232,348,0 252,357,367,459,0 487,515,691,717,0 369,387,422,413,2
data/data8.23/image/1566564418285.jpg 395,500,464,543,2 237,469,401,635,0 73,278,134,335,0 122,339,213,427,0
data/data8.23/image/1566564420615.jpg 81,501,263,673,0 252,519,322,564,2
data/data8.23/image/1566564421274.jpg 189,532,262,576,2 23,516,207,689,0
data/data8.23/image/1566564421988.jpg 240,259,296,312,0 282,323,363,405,0 376,461,526,627,0 528,506,599,549,2
data/data8.23/image/1566564422645.jpg 745,538,816,581,2 591,472,743,636,0 521,317,596,393,0 489,248,538,298,0
data/data8.23/image/1566564423622.jpg 392,248,443,298,0 428,313,504,392,0 508,461,657,625,0 659,518,732,561,2
data/data8.23/image/1566564427948.jpg 562,245,610,294,0 588,313,661,388,0 641,469,789,628,0 795,543,866,586,2
data/data8.23/image/1566564431949.jpg 638,378,773,496,0 772,425,810,454,2 506,282,582,347,0 436,230,490,275,0
data/data8.23/image/1566564432298.jpg 355,232,409,277,0 427,279,504,345,0 562,370,692,484,0 692,409,729,436,2
data/data8.23/image/1566564432994.jpg 705,409,738,436,2 575,369,706,481,0 431,280,510,345,0 357,232,413,277,0
data/data8.23/image/1566564434281.jpg 314,235,379,280,0 435,273,521,335,0 642,340,769,435,0
data/data8.23/image/1566564436951.jpg 218,240,287,288,0 359,273,447,334,0 583,324,698,409,0
data/data8.23/image/1566552052836.jpg 134,242,251,320,2 244,200,581,564,0
data/data8.23/image/1566552053490.jpg 118,258,232,340,2 189,239,545,608,0
data/data8.23/image/1566552057241.jpg 309,258,425,339,2 432,271,765,626,0
data/data8.23/image/1566552059880.jpg 391,245,505,326,2 525,267,855,619,0
data/data8.23/image/1566552079180.jpg 447,529,600,673,2
data/data8.23/image/1566552086236.jpg 416,480,576,637,2
data/data8.23/image/1566552089924.jpg 410,426,576,595,2
data/data8.23/image/1566564432298.jpg 355,232,409,277,0 427,279,504,345,0 562,370,692,484,0 692,409,729,436,2
data/data8.23/image/1566564432994.jpg 705,409,738,436,2 575,369,706,481,0 431,280,510,345,0 357,232,413,277,0
data/data8.23/image/1566564434281.jpg 314,235,379,280,0 435,273,521,335,0 642,340,769,435,0
data/data8.23/image/1566564436951.jpg 218,240,287,288,0 359,273,447,334,0 583,324,698,409,0
data/data8.23/image/1566552052836.jpg 134,242,251,320,2 244,200,581,564,0
data/data8.23/image/1566552053490.jpg 118,258,232,340,2 189,239,545,608,0
data/data8.23/image/1566552057241.jpg 309,258,425,339,2 432,271,765,626,0
data/data8.23/image/1566552059880.jpg 391,245,505,326,2 525,267,855,619,0
data/data8.23/image/1566552079180.jpg 447,529,600,673,2
data/data8.23/image/1566552086236.jpg 416,480,576,637,2
data/data8.23/image/1566552089924.jpg 410,426,576,595,2
data/data8.23/image/1566552092306.jpg 418,474,588,648,2
data/data8.23/image/1566552092306.jpg 418,474,588,648,2
data/data8.23/image/1566552011145.jpg 307,194,445,311,0 505,300,570,331,2
data/data8.23/image/1566552016485.jpg 480,531,574,607,2 122,358,359,592,0
data/data8.23/image/1566552018495.jpg 125,417,355,685,0 537,559,640,637,2
data/data8.23/image/1566552018803.jpg 555,572,672,658,2 140,445,360,720,0
data/data8.23/image/1566552019200.jpg 615,592,742,689,2 205,488,433,720,0
data/data8.23/image/1566552019854.jpg 757,616,885,720,2 336,565,623,718,0
data/data8.23/image/1566552020177.jpg 400,585,705,719,0 795,595,916,698,2
data/data8.23/image/1566552020483.jpg 412,593,741,720,0 769,562,882,661,2
data/data8.23/image/1566552020894.jpg 409,602,738,720,0 701,528,804,618,2
data/data8.23/image/1566552022216.jpg 341,639,705,719,0 482,493,570,557,2
data/data8.23/image/1566552022890.jpg 473,492,567,558,2 350,639,721,720,0
data/data8.23/image/1566552028520.jpg 488,496,591,579,2
data/data8.23/image/1566552046149.jpg 398,242,503,317,2 612,203,854,516,0
data/data8.23/image/1566552049170.jpg 494,152,582,207,2 686,116,873,304,0
data/data8.23/image/1566551999454.jpg 305,100,447,255,0 566,210,630,250,2
data/data8.23/image/1566551999874.jpg 658,217,729,266,2 410,79,563,237,0
data/data8.23/image/1566552001820.jpg 639,59,806,192,0 839,226,912,277,2
data/data8.23/image/1566552004126.jpg 764,251,834,295,2 579,106,726,233,0
data/data8.23/image/1566552004478.jpg 570,173,715,297,0 757,309,829,351,2
data/data8.23/image/1566552004842.jpg 762,317,831,357,2 576,182,718,303,0
data/data8.23/image/1566552006203.jpg 568,195,708,312,0 757,323,825,362,2
data/data8.23/image/1566552008530.jpg 611,298,675,331,2 426,189,555,301,0
data/data8.23/image/1566551996151.jpg 137,217,207,254,2 1,274,175,443,0
data/data8.23/image/1566551996798.jpg 153,211,233,251,2 1,255,150,441,0
data/data8.23/image/1566551997177.jpg 1,233,164,432,0 188,206,269,247,2
data/data8.23/image/1566551997451.jpg 230,197,312,243,2 0,206,183,410,0
data/data8.23/image/1566551997905.jpg 274,196,357,244,2 6,185,201,390,0
data/data8.23/image/1566551998120.jpg 27,168,203,371,0 296,196,378,244,2
data/data8.23/image/1566551998444.jpg 300,204,379,254,2 37,164,194,363,0
data/data8.23/image/1566551998828.jpg 92,137,234,323,0 354,200,428,245,2
data/data8.23/image/1566551993133.jpg 376,90,423,107,2 415,74,565,174,0
data/data8.23/image/1566551993453.jpg 324,110,381,136,2 321,99,516,260,0
data/data8.23/image/1566551994117.jpg 240,172,304,217,2 198,176,428,377,0
data/data8.23/image/1566551994455.jpg 187,200,253,249,2 121,214,366,431,0
data/data8.23/image/1566551994833.jpg 158,217,222,270,2 63,244,311,468,0
data/data8.23/image/1566551995140.jpg 138,237,198,284,2 2,278,251,497,0
data/data8.23/image/1566551995451.jpg 104,236,165,285,2 0,293,181,493,0
data/data8.23/image/1566552186494.jpg
data/data8.23/image/1566552187759.jpg
data/data8.23/image/1566552204141.jpg 480,264,560,313,0
data/data8.23/image/1566558204481.jpg 456,270,596,397,2 185,407,726,720,0
data/data8.23/image/1566558206811.jpg 483,400,618,533,2
data/data8.23/image/1566558208469.jpg 473,306,644,461,2 106,388,670,716,0
data/data8.23/image/1566564437957.jpg 59,268,141,316,0 243,282,342,340,0 507,307,610,376,0 829,338,942,417,0
data/data8.23/image/1566564438305.jpg 87,303,188,360,0 373,302,465,361,0 672,303,774,362,0
data/data8.23/image/1566564438626.jpg 141,295,239,349,0 426,295,515,352,0 710,295,807,354,0
data/data8.23/image/1566564438942.jpg 549,272,641,326,0 0,318,87,385,0 283,291,379,353,0
data/data8.23/image/1566577600673.jpg 511,300,567,331,1 590,382,665,432,0 317,387,407,429,0 50,382,151,429,0
data/data8.23/image/1566577604362.jpg 660,394,711,433,1 711,429,788,474,0 445,430,527,471,0 172,425,273,472,0
data/data8.23/image/1566577608330.jpg 718,423,766,447,1 104,449,204,495,0 369,453,457,495,0 638,450,716,497,0
data/data8.23/image/1566577612354.jpg 440,586,529,650,1 500,443,584,496,0 214,469,302,520,0
data/data8.23/image/1566577613667.jpg 743,614,852,687,1 578,444,663,498,0 305,470,392,524,0 1,489,85,545,0
data/data8.23/image/1566577615311.jpg 560,493,649,557,1 430,383,514,435,0 134,420,230,470,0
data/data8.23/image/1566577630004.jpg 106,361,223,435,1 512,216,620,271,0 1107,262,1235,327,0 784,246,889,297,0 284,203,362,246,0
data/data8.23/image/1566577630330.jpg 308,317,405,382,1 796,219,895,277,0 583,189,664,235,0 1105,274,1203,330,0
data/data8.23/image/1566577638319.jpg 836,199,896,239,1
data/data8.23/image/1566577642328.jpg 392,144,436,172,1 580,240,666,290,0 880,246,972,300,0 291,232,390,282,0
data/data8.23/image/1566577646023.jpg 330,128,367,153,1 468,235,559,295,0 144,276,256,326,0
data/data8.23/image/1566577646690.jpg 730,115,762,138,1 781,237,876,293,0 488,243,577,294,0 185,239,293,296,0
data/data8.23/image/1566577655685.jpg 1000,236,1064,276,1 1050,470,1235,618,0 543,390,702,502,0 184,327,328,424,0
data/data8.23/image/1566577658666.jpg 245,248,310,289,1 412,426,580,547,0
data/data8.23/image/1566577659047.jpg 484,236,542,271,1 623,427,796,540,0
data/data8.23/image/1566577662012.jpg 859,397,1014,509,0 399,375,548,458,0 9,336,168,424,0 628,227,686,262,1
data/data8.23/image/1566577662664.jpg 736,236,793,272,1 294,301,432,384,0 626,370,762,457,0 1103,441,1278,570,0
data/data8.23/image/1566577663004.jpg 908,242,968,283,1 532,289,651,374,0 329,246,420,298,0
data/data8.23/image/1566577663343.jpg 920,224,979,257,1 603,289,723,365,0
data/data8.23/image/1566577665008.jpg 999,171,1048,207,1 1110,422,1279,540,0 781,293,901,377,0 594,229,682,288,0
data/data8.23/image/1566577670030.jpg 792,240,838,270,1 1132,477,1277,607,0 516,259,613,322,0
data/data8.23/image/1566577671034.jpg 610,163,653,192,1 283,266,392,343,0 532,325,594,419,0 919,418,1106,567,0
data/data8.23/image/1566577742695.jpg 282,228,327,257,1
data/data8.23/image/1566577744352.jpg 500,212,536,237,1
data/data8.23/image/1566577745041.jpg 824,217,864,239,1
data/data8.23/image/1566577746034.jpg 603,214,636,235,1
data/data8.23/image/1566577748362.jpg 532,297,592,337,1
data/data8.23/image/1566577750691.jpg 609,257,654,291,1
data/data8.23/image/1566577751684.jpg 595,321,643,353,1
data/data8.23/image/1566577755754.jpg 460,354,500,390,1
data/data8.23/image/1566577757036.jpg 641,288,698,327,1
data/data8.23/image/1566577759058.jpg 549,298,612,340,1
data/data8.23/image/1566577759414.jpg 413,299,476,344,1
data/data8.23/image/1566577767390.jpg 11,88,80,129,1
data/data8.23/image/1566577768051.jpg 14,130,77,168,1
data/data8.23/image/1566577771370.jpg 257,45,296,67,1
data/data8.23/image/1566577775372.jpg 162,41,215,70,1
data/data8.23/image/1566577776378.jpg 350,47,403,78,1
data/data8.23/image/1566577778357.jpg 511,94,559,125,1
data/data8.23/image/1566577779352.jpg 467,198,510,225,1
data/data8.23/image/1566577781060.jpg 430,225,459,251,1
data/data8.23/image/1566577783346.jpg 760,219,789,241,1
data/data8.23/image/1566577785693.jpg 839,216,876,237,1
data/data8.23/image/1566577790362.jpg 649,239,694,268,1
data/data8.23/image/1566577791731.jpg 659,263,724,306,1
data/data8.23/image/1566577793723.jpg 387,264,447,302,1
data/data8.23/image/1566577798713.jpg 474,519,518,551,1
data/data8.23/image/1566577800674.jpg 478,402,531,441,1
data/data8.23/image/1566577806357.jpg 417,344,477,368,1
data/data8.23/image/1566577807362.jpg 413,254,476,285,1
data/data8.23/image/1566577813695.jpg 1057,328,1137,378,1
data/data8.23/image/1566577814032.jpg 819,322,889,366,1
data/data8.23/image/1566577816056.jpg 265,580,401,675,1
data/data8.23/image/ScreenShot_1566557770802.jpg 136,91,378,268,2
data/data8.23/image/ScreenShot_1566557836721.jpg 84,71,275,255,2
data/data8.5/image/1564966168517.jpg 233,453,352,556,0 466,358,538,410,0 423,383,456,393,2 211,461,252,478,2
data/data8.5/image/1564966169028.jpg 465,430,539,487,0 424,455,455,465,2 230,528,349,632,0 206,534,245,551,2
data/data8.5/image/1564966169546.jpg 225,621,345,714,0 464,520,539,573,0 420,543,455,554,2 199,621,243,636,2
data/data8.5/image/1564966170028.jpg 226,600,347,695,0 465,502,539,555,0 423,527,455,534,2 202,603,245,618,2
data/data8.5/image/1564966170551.jpg 466,453,539,504,0 423,477,455,485,2 229,551,349,650,0 206,553,245,571,2
data/data8.5/image/1564966171012.jpg 235,489,354,587,0 465,391,539,445,0 425,416,456,426,2 210,493,249,511,2
data/data8.5/image/1564966174084.jpg 230,101,346,199,0 203,113,243,133,2 464,0,545,48,0 420,21,454,32,2
data/data8.5/image/1564966175044.jpg 222,1,351,91,0 199,3,234,20,2
data/data8.5/image/1564966176542.jpg 615,1,743,77,0
data/data8.5/image/1564966183535.jpg 476,137,564,222,0 792,55,870,119,0 499,96,534,119,2 762,53,794,68,2
data/data8.5/image/1564966185569.jpg 870,241,957,358,0 944,212,960,237,2
data/data8.5/image/1564966187541.jpg 693,237,824,358,0 808,204,850,238,2
data/data8.5/image/1564966188558.jpg 522,238,650,366,0 669,205,721,242,2
data/data8.5/image/1564966191570.jpg 408,12,542,145,0
data/data8.5/image/1564966192544.jpg 414,54,544,182,0 922,82,960,178,0 550,2,604,35,2 934,59,960,82,2
data/data8.5/image/1564966193053.jpg 417,87,548,216,0 921,113,960,210,0 549,33,602,72,2 934,90,959,116,2
data/data8.5/image/1564967119833.jpg 515,408,686,565,0 520,358,579,388,2 2,384,61,411,2
data/data8.5/image/1564967120299.jpg 512,449,675,601,0 518,388,575,419,2 13,412,69,442,2
data/data8.5/image/1564967120833.jpg 508,482,666,631,0 516,415,571,446,2 22,439,75,467,2
data/data8.5/image/1564967121294.jpg 506,508,657,652,0 514,436,567,467,2 1,573,37,689,0 30,457,81,487,2
data/data8.5/image/1564967125812.jpg 508,134,712,288,0 518,110,582,137,2
data/data8.5/image/1564967126301.jpg 506,88,707,244,0 517,61,583,89,2
data/data8.5/image/ScreenShot_1564877574859.jpg 374,598,699,720,0 411,265,494,328,2
data/data8.5/image/ScreenShot_1564877739953.jpg 792,119,861,141,2 870,59,929,115,1
data/data8.5/image/ScreenShot_1564963533715.jpg 461,316,603,453,2
data/data8.5/image/ScreenShot_1564964675252.jpg 372,189,558,372,2
data/data8.5/image/ScreenShot_1564964778319.jpg 472,265,678,468,2
data/data8.5/image/ScreenShot_1564964899371.jpg 477,420,644,587,2
data/data8.5/image/1564966955708.jpg 391,614,548,720,0 464,418,522,472,2
data/data8.5/image/1564966956141.jpg 463,514,522,569,2
data/data8.5/image/1564966959218.jpg 457,512,517,565,2
data/data8.5/image/1564966959692.jpg 457,442,515,494,2 384,634,538,720,0
data/data8.5/image/1564966960175.jpg 385,565,538,695,0 458,376,516,427,2
data/data8.5/image/1564966960683.jpg 459,311,516,361,2 388,497,538,625,0
data/data8.5/image/1564966961691.jpg 392,368,537,492,0 458,181,515,234,2
data/data8.5/image/1564966963703.jpg 458,2,519,56,2 396,200,539,323,0
data/data8.5/image/1564966965185.jpg 421,184,584,331,0 536,4,607,68,2
data/data8.5/image/1564966966195.jpg 543,141,616,216,2 424,361,589,507,0
data/data8.5/image/1564966966697.jpg 394,446,571,605,0 563,234,646,317,2 44,13,105,71,2
data/data8.5/image/1564966967196.jpg 579,270,663,354,2 368,453,549,627,0
data/data8.5/image/1564966968206.jpg 346,460,564,670,0 595,249,693,347,2
data/data8.5/image/1564966969178.jpg 608,213,721,327,2 315,455,575,707,0
data/data8.5/image/1564966972198.jpg 629,233,781,385,2
data/data8.5/image/1564966973194.jpg 633,342,783,493,2
data/data8.5/image/1564966974192.jpg 635,173,788,327,2 211,518,598,720,0
data/data8.5/image/1564966977677.jpg 636,279,787,430,2
data/data8.5/image/1564967057274.jpg 577,145,663,207,2 421,286,727,564,0
data/data8.5/image/1564967058276.jpg 444,105,674,318,0 565,50,637,94,2
data/data8.5/image/1564967058768.jpg 44,1,100,23,2 557,6,619,39,2 451,33,642,207,0
data/data8.5/image/1564967059257.jpg 456,67,628,228,0 553,32,613,65,2 65,17,122,41,2
data/data8.5/image/1564967059774.jpg 552,68,610,103,2 72,51,126,74,2 458,104,627,262,0
data/data8.5/image/1564967060243.jpg 457,252,620,404,0 549,215,605,248,2
data/data8.5/image/1564967061752.jpg 453,362,609,515,0 543,312,598,346,2 89,272,141,294,2
data/data8.5/image/1564967062250.jpg 456,394,607,545,0 541,339,595,371,2 0,359,47,467,0 94,293,148,316,2
data/data8.5/image/1564967062777.jpg 456,424,603,570,0 540,357,593,393,2 0,383,55,494,0 99,311,154,336,2
data/data8.5/image/1564967063776.jpg 459,473,598,615,0 540,399,591,437,2 0,421,74,529,0 113,346,165,373,2
data/data8.5/image/1564967064285.jpg 463,512,594,646,0 539,431,588,468,2 1,452,90,562,0 123,374,174,402,2
data/data8.5/image/1564967064773.jpg 514,527,652,667,0 599,448,644,485,2 24,435,154,543,0 194,366,240,389,2
data/data8.5/image/1564967065239.jpg 592,537,735,686,0 688,465,742,511,2 124,393,249,504,0 297,341,348,369,2
data/data8.5/image/1564967065740.jpg 622,546,780,702,0 734,477,791,525,2 175,379,301,491,0 352,336,400,363,2
data/data8.5/image/1564967067249.jpg 551,548,705,704,0 678,479,736,528,2 130,379,250,487,0 308,335,358,362,2
data/data8.5/image/1564967067773.jpg 634,573,804,720,0 791,522,852,576,2 269,343,380,448,0 448,322,496,349,2
data/data8.5/image/1564967068752.jpg 592,538,754,701,0 754,496,814,547,2 255,328,359,427,0 431,311,478,336,2
data/data8.5/image/1564967069808.jpg 559,460,705,610,0 712,437,773,480,2 252,287,350,378,0 417,275,461,298,2
data/data8.5/image/1564967070326.jpg 559,429,703,578,0 711,405,771,449,2 251,258,348,347,0 416,245,460,267,2
data/data8.5/image/1564967070814.jpg 558,419,707,568,0 714,398,775,441,2 248,248,348,339,0 417,238,461,261,2
data/data8.5/image/1564967071291.jpg 561,398,713,549,0 721,378,782,422,2 244,230,346,321,0 414,222,458,243,2